Urgencias
Anio;Mes;Total;Ext;Inte
2025;1;4706;16;4690
2024;12;4485;17;4468
2024;11;4432;24;4408
2024;10;4929;30;4899
2024;9;4949;19;4930
2024;8;4604;30;4574
2024;7;4705;28;4677
2024;6;4299;29;4270
2024;5;4616;32;4584
2024;4;4423;26;4397
2024;3;5058;35;5023
2024;2;4253;32;4221

Terapía
Anio;Mes;Total;Ext;Inte
2025;1;2725;0;2725
2024;12;2654;0;2654
2024;11;2984;0;2984
2024;10;3110;0;3110
2024;9;3017;2;3015
2024;8;3145;0;3145
2024;7;3111;1;3110
2024;6;2854;0;2854
2024;5;2855;0;2855
2024;4;2953;0;2953
2024;3;3333;0;3333
2024;2;2434;0;2434

rutina
Anio;Mes;Total;Ext;Inte
2025;2;5603;3323;2280
2025;1;11693;6973;4720
2024;12;9920;5386;4534
2024;11;10806;6016;4790
2024;10;12251;6852;5399
2024;9;11717;6484;5233
2024;8;11999;6621;5378
2024;7;12390;6786;5604
2024;6;10850;5964;4886
2024;5;11946;6632;5314
2024;4;12057;6585;5472
2024;3;9548;5205;4343
2024;2;10392;5948;4444


select YEAR(s.FechaS) as Anio, MONTH(s.FechaS) AS Mes, count(id) AS Total, sum(if(s.claveorigen=2,1,0)) AS Ext, sum(if(s.claveorigen=2,0,1)) AS Inte
from solicitudes s 
where s.FechaS>='2024-01-01' AND s.FechaS<='2025-02-17' and s.tipo_sol='R'
GROUP BY YEAR(s.FechaS),  MONTH(s.FechaS)
ORDER BY Anio DESC, Mes desc
LIMIT 12

